10
8
4
8
11
23
7
24
15
22
19
26
24
19
22
17
26
7
15
4
13
4
19
9
11
18
12
12
9
4
17
9
26
21
16
8
10
13
21
24
3
13
25
6
9
15
3
9
19
8
21
9
5
26
6
15
13
24
15
13
1
11
16
9
5
16
11
4
19
17
19
2
20
19
2
5
25
10
17
22
2
12
13
24
10
4
9
4
21
3
10
15
15
20
22
7
16
3
21
7
24
2
8
5
23
24
22
23
20
16
9
15
1
1
22
17
14
14
8
21
25
12
20
16
24
8
6
12
12
2
5
24
11
5
26
10
12
18
4
6
25
17
11
10
7
20
17
12
12
15
26
11
9
23
9
3
14
17
13
8
3
22
9
25
3
19
6
25
3
21
23
3
19
6
18
5
25
25
20
5
8
23
18
21
19
24
6
10
13
17
10
22
20
25
10
6
22
1
13
9
2
21
21
6
5
18
15
17
7
10
2
11
19
1
1
9
4
17
5
5
24
7
27
8
19
16
16
12
7
7
24
28
15
19
15
35
2
11
33
11
3
18
21
25
27
7
15
7
29
25
15
11
22
23
16
25
32
7
17
30
33
6
12
18
17
30
12
29
28
1
17
14
7
8
18
27
33
32
12
8
26
22
28
19
33
22
34
1
10
23
9
22
19
10
25
35
15
22
5
15
33
10
14
26
27
35
35
17
28
11
15
34
17
16
12
16
19
20
28
18
31
7
13
26
16
23
27
13
18
35
27
19
31
3
9
24
24
24
29
29
16
3
9
35
26
14
11
35
9
35
26
7
30
23
15
24
1
25
18
31
22
33
1
34
26
32
20
12
21
8
20
29
29
24
17
21
15
14
9
10
30
19
13
2
4
34
3
1
29
24
7
20
2
29
25
25
34
22
14
23
18
32
8
1
34
27
17
25
29
17
10
7
10
9
32
22
17
10
29
13
5
28
4
18
5
17
5
23
13
19
20
33
24
11
20
13
19
23
23
20
13
32
15
5
6
7
6
17
6
27
11
4
16
33
28
17
1
32
19
32
14
2
25
26
11
32
16
27
17
18
5
2
20
28
33
20
24
3
27
16
31
15
16
29
12
1
16
21
29
17
29
29
3
12
34
16
18
9
35
35
7
26
25
20
14
4
11
3
14
28
21
12
3
6
34
26
20
13
32
20
25
5
33
4
10
35
18
28
35
10
8
10
33
23
1
6
29
29
22
28
23
19
1
21
1
12
18
4
13
16
20
3
13
23
29
33
22
6
30
14
26
18
27
27
33
14
14
32
30
2
22
1
23
29
33
29
16
29
2
2
18
6
27
33
8
6
30
24
5
12
35
14
7
32
5
11
11
33
7
35
13
5
7
28
1
25
24
2
34
14
19
18
33
19
9
37
8
22
28
25
11
28
8
12
26
36
38
6
13
2
1
18
31
17
31
8
26
13
11
5
24
13
2
29
14
39
36
37
4
38
6
11
19
33
30
17
25
8
6
8
32
26
12
12
18
29
8
29
21
31
11
23
36
16
16
31
15
24
3
5
19
27
7
39
11
15
23
37
27
9
8
9
3
8
21
6
10
29
36
24
19
30
5
36
2
6
23
32
31
27
24
7
36
30
24
12
14
18
23
16
22
2
39
4
1
5
29
10
33
33
39
15
34
17
11
2
35
24
25
30
30
15
13
34
33
20
38
19
13
23
26
39
31
29
30
36
15
2
27
25
3
6
4
4
3
27
25
10
39
6
30
5
25
38
10
32
29
27
20
38
31
11
20
24
5
20
15
20
34
33
4
12
10
7
9
8
8
1
15
23
30
12
32
15
1
34
4
24
21
9
17
19
23
27
22
31
37
6
30
23
21
15
29
21
17
37
21
5
4
31
14
22
26
17
23
23
16
4
39
6
30
22
22
30
19
11
23
25
25
23
29
36
33
11
23
27
12
5
11
29
8
8
9
11
37
37
2
39
14
15
17
16
33
27
6
37
2
9
20
7
21
6
38
37
21
18
27
13
15
12
20
5
20
9
7
14
19
26
21
1
10
30
21
36
7
11
21
15
5
37
27
18
37
4
25
23
26
34
9
24
24
36
10
8
24
26
13
37
10
3
21
14
14
31
37
2
41
32
15
33
2
5
15
13
9
2
18
26
29
33
24
20
38
18
11
34
36
11
23
26
20
26
21
19
30
13
18
2
2
17
17
14
18
17
6
9
31
32
14
1
9
3
8
9
6
25
30
32
6
26
40
38
24
1
8
16
36
18
26
33
7
17
19
42
16
8
16
5
19
11
32
31
18
30
28
5
30
17
24
39
2
11
14
24
9
5
18
20
21
37
17
15
41
41
13
38
19
20
23
6
12
2
42
24
12
2
10
37
42
5
2
23
39
8
3
15
21
1
40
18
13
29
19
37
12
9
20
9
3
12
11
30
14
3
37
35
20
35
26
18
28
35
27
26
22
28
36
28
29
6
2
23
25
40
6
9
10
11
17
19
18
18
23
16
36
1
3
5
3
18
32
36
6
2
24
3
32
15
16
10
37
14
14
17
30
31
4
36
38
31
26
29
5
34
5
15
40
14
11
25
38
8
20
29
41
4
5
35
12
1
7
24
19
9
12
8
5
16
20
26
12
3
2
1
25
1
16
31
9
2
32
35
23
15
29
31
6
21
5
15
13
20
34
32
23
34
25
12
11
8
35
3
19
10
38
38
13
24
27
37
14
14
24
10
33
24
35
42
29
13
32
31
19
37
33
20
26
23
22
39
29
37
14
10
30
37
36
14
41
7
17
14
6
3
42
1
14
37
18
11
39
14
36
1
32
33
22
27
39
30
17
38
21
23
17
29
15
10
28
17
23
17
14
8
6
1
16
37
36
13
11
32
36
15
37
2
33
24
24
3
36
31
22
34
4
38
20
39
14
15
5
14
37
42
18
12
36
33
23
35
42
6
19
2
24
4
9
27
41
25
29
17
39
42
36
38
9
35
41
31
28
8
6
13
36
25
16
9
23
2
12
33
38
27
25
38
2
37
12
7
16
18
12
11
23
2
4
1
31
4
1
37
13
26
19
42
11
21
40
24
11
41
27
28
4
17
3
7
9
20
9
18
28
31
31
19
3
40
41
35
8
21
35
22
25
2
9
37
13
10
23
4
8
1
16
22
28
40
39
30
2
16
41
31
31
35
39
8
33
23
28
27
11
22
40
10
13
35
32
31
6
5
2
6
9
34
40
35
14
2
32
4
3
33
38
34
31
17
15
40
5
25
2
1
31
25
37
7
19
15
39
30
15
19
4
33
39
1
22
31
18
29
4
35
14
8
21
18
36
41
29
37
29
2
39
34
17
31
33
32
7
15
7
32
15
30
25
28
11
38
1
20
23
40
21
36
25
4
17
20
3
38
6
1
35
16
42
9
4
21
38
28
6
35
31
34
30
31
2
41
20
13
8
41
25
40
35
20
24
6
3
11
26
26
30
6
35
32
42
28
21
3
10
15
2
20
23
17
29
7
30
22
37
21
1
35
8
19
5
3
1
20
8
23
34
12
41
36
29
41
28
5
12
34
8
9
33
10
29
28
18
20
41
42
20
36
41
29
31
35
41
26
30
20
10
25
8
32
13
10
22
14
9
23
15
20
38
33
2
13
27
19
1
35
22
35
20
6
14
1
8
22
13
21
20
3
37
33
13
37
14
39
19
2
34
27
33
11
6
19
12
32
28
18
31
36
5
30
5
4
15
33
31
21
6
23
17
27
35
37
37
16
30
13
34
3
13
31
20
41
20
32
33
5
20
37
12
25
12
19
40
29
23
1
26
8
29
28
21
10
17
6
8
2
9
31
29
17
20
2
2
13
17
10
15
22
36
32
14
14
27
22
38
9
36
38
2
17
21
34
5
19
37
39
40
39
4
31
1
11
42
20
22
16
18
34
11
31
15
22
37
25
6
16
25
20
9
16
37
26
40
36
26
6
26
20
35
18
27
28
23
41
20
17
39
17
22
34
33
18
37
4
2
10
13
37
16
25
37
35
1
3
39
15
31
11
14
31
2
6
35
8
5
31
23
14
21
34
14
31
7
36
33
40
34
10
12
2
26
18
4
25
7
5
15
17
10
11
36
4
26
34
24
11
16
7
37
15
35
22
9
6
18
40
21
37
32
32
10
20
39
38
1
39
7
35
21
37
24
30
20
33
26
18
25
34
28
27
14
39
39
10
28
18
25
26
29
24
37
2
28
40
3
12
24
36
28
7
21
21
11
13
21
38
1
42
30
42
7
8
30
31
25
22
29
14
7
30
20
19
14
7
1
34
29
25
33
3
28
9
30
8
2
3
26
7
26
1
20
17
11
32
19
24
11
31
14
28
14
24
18
14
18
29
37
33
1
42
6
1
35
12
7
9
39
15
13
13
36
23
12
39
11
26
32
32
5
22
31
27
15
6
13
36
27
3
33
33
6
38
32
16
39
30
9
9
10
18
38
2
28
22
8
42
20
25
27
6
25
7
4
24
8
18
11
2
16
9
40
8
23
8
19
29
20
2
28
21
5
13
16
33
31
37
17
24
42
34
37
23
4
10
11
6
24
38
24
27
35
8
18
26
28
5
4
31
19
4
21
21
11
35
13
39
15
29
16
26
15
20
33
9
6
19
25
15
6
35
14
20
18
12
10
33
6
13
25
23
6
6
17
14
7
20
27
3
36
32
23
35
2
22
8
1
37
26
20